size(300,160);
background(0);
stroke(0,255,0);
line(100,70,140,30);
line(140,30,180,30);
line(180,30,220,70);
line(220,70,220,110);
line(220,110,180,150);
line(140,150,180,150);
line(100,70,100,110);
line(100,110,140,150);
line(120,50,130,60);
fill(255,255,0);
rect(120,50,5,5);
line(200,50,190,60);
rect(200,50,-5,5);
stroke(255,0,0);
line(130,110,140,130);
line(140,130,150,110);
line(150,110,160,130);
line(160,130,170,110);
line(170,110,180,130);
line(180,130,190,110);
line(130,110,140,150);
line(140,150,150,130);
line(150,130,160,150);
line(160,150,170,130);
line(170,130,180,150);
line(180,150,190,110);
fill(255,255,0);
ellipse(130,70,10,10);
ellipse(190,70,10,10);
